6000_3_new

HRC_RMSE =

    5.4648    5.7170    6.8205


Narrow_DLL_RMSE =

    3.9102    6.7683   25.7819


DLL_RMSE =

    8.1915   19.4580   70.8457