6000_3_new_50
50dB-Hz

NN_RMSE =

    1.3043    1.3325    1.5790


HRC_RMSE =

    1.0050    1.7889    3.9003


Narrow_DLL_RMSE =

    0.8357    5.2324   23.7436


DLL_RMSE =

    1.5260   17.1339   68.3874